arm26_states
version=1
nRows=192
nColumns=17
inDegrees=no
endheader
time	r_shoulder_elev	r_elbow_flex	r_shoulder_elev_u	r_elbow_flex_u	TRIlong.activation	TRIlong.fiber_length	TRIlat.activation	TRIlat.fiber_length	TRImed.activation	TRImed.fiber_length	BIClong.activation	BIClong.fiber_length	BICshort.activation	BICshort.fiber_length	BRA.activation	BRA.fiber_length
      0.03000000	      1.57079633	      0.00000000	      0.00000000	      0.00000000	      0.02000000	      0.17921184	      0.02000000	      0.07049603	      0.10000000	      0.06496538	      0.10000000	      0.12721248	      0.02000000	      0.18188742	      0.02000000	      0.08688000
      0.04000000	      1.57079632	      0.00000001	     -0.00000059	      0.00000185	      0.02000000	      0.17921185	      0.02000000	      0.07049603	      0.10000000	      0.06496538	      0.10000000	      0.12721248	      0.02000000	      0.18188742	      0.02000000	      0.08688000
      0.05000000	      1.57079633	      0.00000000	     -0.00001295	      0.00003280	      0.02000000	      0.17921181	      0.02000000	      0.07049603	      0.10000000	      0.06496538	      0.10000000	      0.12721248	      0.02000000	      0.18188755	      0.02000000	      0.08688000
      0.05333349	      1.57079630	      0.00000008	     -0.00000305	      0.00000683	      0.02000000	      0.17921184	      0.02000000	      0.07049603	      0.10000000	      0.06496538	      0.10000000	      0.12721248	      0.02000000	      0.18188733	      0.02000000	      0.08688000
      0.05666698	      1.57079628	      0.00000012	     -0.00000705	      0.00001612	      0.02000000	      0.17921185	      0.02000000	      0.07049603	      0.10000000	      0.06496538	      0.10000000	      0.12721248	      0.02000000	      0.18188741	      0.02000000	      0.08688000
      0.06000000	      1.57079625	      0.00000017	     -0.00000668	      0.00001497	      0.02000000	      0.17921185	      0.02000000	      0.07049603	      0.10000000	      0.06496538	      0.10000000	      0.12721248	      0.02000000	      0.18188742	      0.02000000	      0.08688000
      0.06755459	      1.57079622	      0.00000026	     -0.00000621	      0.00001345	      0.02000000	      0.17921185	      0.02000000	      0.07049603	      0.10000000	      0.06496538	      0.10000000	      0.12721248	      0.02000000	      0.18188744	      0.02000000	      0.08688000
      0.07000000	      1.57079620	      0.00000029	     -0.00000487	      0.00001019	      0.02000000	      0.17921185	      0.02000000	      0.07049603	      0.10000000	      0.06496538	      0.10000000	      0.12721248	      0.02000000	      0.18188741	      0.02000000	      0.08688000
      0.08000000	      1.57079617	      0.00000035	     -0.00001157	      0.00002658	      0.02000000	      0.17921185	      0.02000000	      0.07049603	      0.10000000	      0.06496539	      0.10000000	      0.12721247	      0.02000000	      0.18188751	      0.02000000	      0.08688000
      0.08408924	      1.57079613	      0.00000044	     -0.00000352	      0.00000702	      0.02000000	      0.17921185	      0.02000000	      0.07049603	      0.10000000	      0.06496539	      0.10000000	      0.12721247	      0.02000000	      0.18188727	      0.02000000	      0.08688000
      0.08817847	      1.57079609	      0.00000052	     -0.00001156	      0.00002642	      0.02000000	      0.17921185	      0.02000000	      0.07049603	      0.10000000	      0.06496539	      0.10000000	      0.12721247	      0.02000000	      0.18188740	      0.02000000	      0.08688000
      0.09000000	      1.57079607	      0.00000057	     -0.00001119	      0.00002548	      0.02000000	      0.17921185	      0.02000000	      0.07049603	      0.10000000	      0.06496539	      0.10000000	      0.12721247	      0.02000000	      0.18188741	      0.02000000	      0.08688000
      0.09614895	      1.57079601	      0.00000070	     -0.00000957	      0.00002130	      0.02000000	      0.17921185	      0.02000000	      0.07049604	      0.10000000	      0.06496539	      0.10000000	      0.12721247	      0.02000000	      0.18188742	      0.02000000	      0.08688000
      0.10000000	      1.57079598	      0.00000078	     -0.00000730	      0.00001567	      0.02000000	      0.17921186	      0.02000000	      0.07049604	      0.10000000	      0.06496539	      0.10000000	      0.12721247	      0.02000000	      0.18188739	      0.02000000	      0.08688000
      0.10704452	      1.57079594	      0.00000086	     -0.00001030	      0.00002285	      0.02000000	      0.17921186	      0.02000000	      0.07049604	      0.10000000	      0.06496539	      0.10000000	      0.12721247	      0.02000000	      0.18188745	      0.02000000	      0.08688000
      0.11000000	      1.57079591	      0.00000092	     -0.00000686	      0.00001455	      0.02000000	      0.17921186	      0.02000000	      0.07049604	      0.10000000	      0.06496540	      0.10000000	      0.12721247	      0.02000000	      0.18188738	      0.02000000	      0.08688000
      0.11704452	      1.57079587	      0.00000101	     -0.00001438	      0.00003280	      0.02000000	      0.17921186	      0.02000000	      0.07049604	      0.10000000	      0.06496540	      0.10000000	      0.12721247	      0.02000000	      0.18188749	      0.02000000	      0.08688000
      0.12000000	      1.57079583	      0.00000109	     -0.00000913	      0.00002009	      0.02000000	      0.17921186	      0.02000000	      0.07049604	      0.10000000	      0.06496540	      0.10000000	      0.12721247	      0.02000000	      0.18188736	      0.02000000	      0.08688000
      0.12609253	      1.57079578	      0.00000121	     -0.00001298	      0.00002936	      0.02000000	      0.17921186	      0.02000000	      0.07049605	      0.10000000	      0.06496540	      0.10000000	      0.12721247	      0.02000000	      0.18188743	      0.02000000	      0.08688000
      0.13000000	      1.57079573	      0.00000131	     -0.00000872	      0.00001899	      0.02000000	      0.17921186	      0.02000000	      0.07049605	      0.10000000	      0.06496540	      0.10000000	      0.12721247	      0.02000000	      0.18188734	      0.02000000	      0.08688000
      0.13609253	      1.57079568	      0.00000143	     -0.00001408	      0.00003182	      0.02000000	      0.17921187	      0.02000000	      0.07049605	      0.10000000	      0.06496540	      0.10000000	      0.12721246	      0.02000000	      0.18188744	      0.02000000	      0.08688000
      0.14000000	      1.57079563	      0.00000154	     -0.00000893	      0.00001930	      0.02000000	      0.17921187	      0.02000000	      0.07049605	      0.10000000	      0.06496541	      0.10000000	      0.12721246	      0.02000000	      0.18188732	      0.02000000	      0.08688000
      0.14609253	      1.57079557	      0.00000167	     -0.00001644	      0.00003734	      0.02000000	      0.17921187	      0.02000000	      0.07049605	      0.10000000	      0.06496541	      0.10000000	      0.12721246	      0.02000000	      0.18188745	      0.02000000	      0.08688000
      0.15000000	      1.57079551	      0.00000180	     -0.00001018	      0.00002215	      0.02000000	      0.17921187	      0.02000000	      0.07049606	      0.10000000	      0.06496541	      0.10000000	      0.12721246	      0.02000000	      0.18188730	      0.02000000	      0.08688000
      0.15609253	      1.57079545	      0.00000195	     -0.00002010	      0.00004595	      0.02000000	      0.17921187	      0.02000000	      0.07049606	      0.10000000	      0.06496541	      0.10000000	      0.12721246	      0.02000000	      0.18188746	      0.02000000	      0.08688000
      0.16000000	      1.57079537	      0.00000211	     -0.00001234	      0.00002707	      0.02000000	      0.17921187	      0.02000000	      0.07049606	      0.10000000	      0.06496542	      0.10000000	      0.12721246	      0.02000000	      0.18188727	      0.02000000	      0.08688000
      0.16536490	      1.57079529	      0.00000229	     -0.00001805	      0.00004063	      0.02000000	      0.17921188	      0.02000000	      0.07049606	      0.10000000	      0.06496542	      0.10000000	      0.12721246	      0.02000000	      0.18188740	      0.02000000	      0.08688000
      0.17000000	      1.57079522	      0.00000246	     -0.00001266	      0.00002743	      0.02000000	      0.17921188	      0.02000000	      0.07049607	      0.10000000	      0.06496542	      0.10000000	      0.12721245	      0.02000000	      0.18188730	      0.02000000	      0.08688000
      0.17536490	      1.57079514	      0.00000262	     -0.00001470	      0.00003212	      0.02000000	      0.17921188	      0.02000000	      0.07049607	      0.10000000	      0.06496543	      0.10000000	      0.12721245	      0.02000000	      0.18188738	      0.02000000	      0.08688000
      0.18000000	      1.57079508	      0.00000275	     -0.00001026	      0.00002132	      0.02000000	      0.17921188	      0.02000000	      0.07049607	      0.10000000	      0.06496543	      0.10000000	      0.12721245	      0.02000000	      0.18188732	      0.02000000	      0.08688000
      0.18594621	      1.57079502	      0.00000287	     -0.00001256	      0.00002690	      0.02000000	      0.17921189	      0.02000000	      0.07049608	      0.10000000	      0.06496543	      0.10000000	      0.12721245	      0.02000000	      0.18188739	      0.02000000	      0.08688000
      0.19000000	      1.57079498	      0.00000297	     -0.00000798	      0.00001594	      0.02000000	      0.17921189	      0.02000000	      0.07049608	      0.10000000	      0.06496543	      0.10000000	      0.12721245	      0.02000000	      0.18188730	      0.02000000	      0.08688000
      0.19594621	      1.57079493	      0.00000306	     -0.00001172	      0.00002518	      0.02000000	      0.17921189	      0.02000000	      0.07049608	      0.10000000	      0.06496544	      0.10000000	      0.12721245	      0.02000000	      0.18188739	      0.02000000	      0.08688000
      0.20000000	      1.57079489	      0.00000315	     -0.00000708	      0.00001415	      0.02000000	      0.17921189	      0.02000000	      0.07049608	      0.10000000	      0.06496544	      0.10000000	      0.12721245	      0.02000000	      0.18188729	      0.02000000	      0.08688000
      0.20594621	      1.57079484	      0.00000325	     -0.00001183	      0.00002585	      0.02000000	      0.17921189	      0.02000000	      0.07049609	      0.10000000	      0.06496544	      0.10000000	      0.12721244	      0.02000000	      0.18188739	      0.02000000	      0.08688000
      0.21000000	      1.57079480	      0.00000334	     -0.00000698	      0.00001430	      0.02000000	      0.17921189	      0.02000000	      0.07049609	      0.10000000	      0.06496544	      0.10000000	      0.12721244	      0.02000000	      0.18188728	      0.02000000	      0.08688000
      0.21594621	      1.57079476	      0.00000343	     -0.00001245	      0.00002772	      0.02000000	      0.17921189	      0.02000000	      0.07049609	      0.10000000	      0.06496544	      0.10000000	      0.12721244	      0.02000000	      0.18188739	      0.02000000	      0.08688000
      0.22000000	      1.57079471	      0.00000353	     -0.00000725	      0.00001529	      0.02000000	      0.17921189	      0.02000000	      0.07049609	      0.10000000	      0.06496545	      0.10000000	      0.12721244	      0.02000000	      0.18188727	      0.02000000	      0.08688000
      0.22594621	      1.57079466	      0.00000364	     -0.00001336	      0.00003018	      0.02000000	      0.17921190	      0.02000000	      0.07049609	      0.10000000	      0.06496545	      0.10000000	      0.12721244	      0.02000000	      0.18188739	      0.02000000	      0.08688000
      0.23000000	      1.57079461	      0.00000374	     -0.00000773	      0.00001668	      0.02000000	      0.17921190	      0.02000000	      0.07049609	      0.10000000	      0.06496545	      0.10000000	      0.12721244	      0.02000000	      0.18188726	      0.02000000	      0.08688001
      0.23594621	      1.57079456	      0.00000386	     -0.00001447	      0.00003302	      0.02000000	      0.17921190	      0.02000000	      0.07049610	      0.10000000	      0.06496545	      0.10000000	      0.12721244	      0.02000000	      0.18188739	      0.02000000	      0.08688001
      0.24000000	      1.57079451	      0.00000398	     -0.00000835	      0.00001830	      0.02000000	      0.17921190	      0.02000000	      0.07049610	      0.10000000	      0.06496545	      0.10000000	      0.12721244	      0.02000000	      0.18188725	      0.02000000	      0.08688001
      0.24594621	      1.57079445	      0.00000410	     -0.00001576	      0.00003621	      0.02000000	      0.17921190	      0.02000000	      0.07049610	      0.10000000	      0.06496546	      0.10000000	      0.12721243	      0.02000000	      0.18188739	      0.02000000	      0.08688001
      0.25000000	      1.57079440	      0.00000423	     -0.00000909	      0.00002011	      0.02000000	      0.17921190	      0.02000000	      0.07049610	      0.10000000	      0.06496546	      0.10000000	      0.12721243	      0.02000000	      0.18188724	      0.02000000	      0.08688001
      0.25594621	      1.57079434	      0.00000437	     -0.00001725	      0.00003977	      0.02000000	      0.17921191	      0.02000000	      0.07049611	      0.10000000	      0.06496546	      0.10000000	      0.12721243	      0.02000000	      0.18188739	      0.02000000	      0.08688001
      0.26000000	      1.57079427	      0.00000451	     -0.00000996	      0.00002214	      0.02000000	      0.17921191	      0.02000000	      0.07049611	      0.10000000	      0.06496546	      0.10000000	      0.12721243	      0.02000000	      0.18188722	      0.02000000	      0.08688001
      0.26594621	      1.57079421	      0.00000466	     -0.00001895	      0.00004376	      0.02000000	      0.17921191	      0.02000000	      0.07049611	      0.10000000	      0.06496547	      0.10000000	      0.12721243	      0.02000000	      0.18188739	      0.02000000	      0.08688001
      0.27000000	      1.57079414	      0.00000482	     -0.00001095	      0.00002440	      0.02000000	      0.17921191	      0.02000000	      0.07049611	      0.10000000	      0.06496547	      0.10000000	      0.12721243	      0.02000000	      0.18188720	      0.02000000	      0.08688001
      0.27594621	      1.57079406	      0.00000499	     -0.00002088	      0.00004825	      0.02000000	      0.17921192	      0.02000000	      0.07049612	      0.10000000	      0.06496547	      0.10000000	      0.12721243	      0.02000000	      0.18188739	      0.02000000	      0.08688001
      0.28000000	      1.57079399	      0.00000516	     -0.00001210	      0.00002695	      0.02000000	      0.17921192	      0.02000000	      0.07049612	      0.10000000	      0.06496547	      0.10000000	      0.12721242	      0.02000000	      0.18188719	      0.02000000	      0.08688001
      0.28594621	      1.57079391	      0.00000534	     -0.00002310	      0.00005334	      0.02000000	      0.17921192	      0.02000000	      0.07049612	      0.10000000	      0.06496548	      0.10000000	      0.12721242	      0.02000000	      0.18188739	      0.02000000	      0.08688001
      0.29000000	      1.57079382	      0.00000553	     -0.00001341	      0.00002984	      0.02000000	      0.17921192	      0.02000000	      0.07049613	      0.10000000	      0.06496548	      0.10000000	      0.12721242	      0.02000000	      0.18188716	      0.02000000	      0.08688001
      0.29523897	      1.57079374	      0.00000573	     -0.00001976	      0.00004498	      0.02000000	      0.17921193	      0.02000000	      0.07049613	      0.10000000	      0.06496548	      0.10000000	      0.12721242	      0.02000000	      0.18188732	      0.02000000	      0.08688001
      0.30000000	      1.57079365	      0.00000592	     -0.00001301	      0.00002854	      0.02000000	      0.17921193	      0.02000000	      0.07049613	      0.10000000	      0.06496549	      0.10000000	      0.12721242	      0.02000000	      0.18188721	      0.02000000	      0.08688001
      0.30523897	      1.57079358	      0.00000608	     -0.00001467	      0.00003242	      0.02000000	      0.17921193	      0.02000000	      0.07049614	      0.10000000	      0.06496549	      0.10000000	      0.12721241	      0.02000000	      0.18188730	      0.02000000	      0.08688001
      0.31000000	      1.57079352	      0.00000621	     -0.00000931	      0.00001952	      0.02000000	      0.17921193	      0.02000000	      0.07049614	      0.10000000	      0.06496549	      0.10000000	      0.12721241	      0.02000000	      0.18188724	      0.02000000	      0.08688001
      0.31599863	      1.57079347	      0.00000632	     -0.00001131	      0.00002456	      0.02000000	      0.17921193	      0.02000000	      0.07049614	      0.10000000	      0.06496550	      0.10000000	      0.12721241	      0.02000000	      0.18188732	      0.02000000	      0.08688001
      0.32000000	      1.57079343	      0.00000640	     -0.00000601	      0.00001198	      0.02000000	      0.17921193	      0.02000000	      0.07049615	      0.10000000	      0.06496550	      0.10000000	      0.12721241	      0.02000000	      0.18188722	      0.02000000	      0.08688001
      0.32599863	      1.57079339	      0.00000647	     -0.00000998	      0.00002197	      0.02000000	      0.17921194	      0.02000000	      0.07049615	      0.10000000	      0.06496550	      0.10000000	      0.12721241	      0.02000000	      0.18188732	      0.02000000	      0.08688001
      0.33000000	      1.57079336	      0.00000655	     -0.00000468	      0.00000948	      0.02000000	      0.17921194	      0.02000000	      0.07049615	      0.10000000	      0.06496550	      0.10000000	      0.12721241	      0.02000000	      0.18188721	      0.02000000	      0.08688001
      0.33599863	      1.57079333	      0.00000661	     -0.00000998	      0.00002269	      0.02000000	      0.17921194	      0.02000000	      0.07049615	      0.10000000	      0.06496551	      0.10000000	      0.12721241	      0.02000000	      0.18188732	      0.02000000	      0.08688001
      0.34000000	      1.57079330	      0.00000669	     -0.00000446	      0.00000963	      0.02000000	      0.17921194	      0.02000000	      0.07049615	      0.10000000	      0.06496551	      0.10000000	      0.12721240	      0.02000000	      0.18188720	      0.02000000	      0.08688001
      0.34599863	      1.57079327	      0.00000676	     -0.00001076	      0.00002512	      0.02000000	      0.17921194	      0.02000000	      0.07049615	      0.10000000	      0.06496551	      0.10000000	      0.12721240	      0.02000000	      0.18188733	      0.02000000	      0.08688001
      0.35000000	      1.57079323	      0.00000684	     -0.00000481	      0.00001098	      0.02000000	      0.17921194	      0.02000000	      0.07049616	      0.10000000	      0.06496551	      0.10000000	      0.12721240	      0.02000000	      0.18188719	      0.02000000	      0.08688001
      0.35599863	      1.57079319	      0.00000692	     -0.00001203	      0.00002855	      0.02000000	      0.17921194	      0.02000000	      0.07049616	      0.10000000	      0.06496551	      0.10000000	      0.12721240	      0.02000000	      0.18188733	      0.02000000	      0.08688001
      0.36000000	      1.57079315	      0.00000702	     -0.00000550	      0.00001297	      0.02000000	      0.17921194	      0.02000000	      0.07049616	      0.10000000	      0.06496551	      0.10000000	      0.12721240	      0.02000000	      0.18188718	      0.02000000	      0.08688001
      0.36599863	      1.57079311	      0.00000711	     -0.00001372	      0.00003280	      0.02000000	      0.17921195	      0.02000000	      0.07049616	      0.10000000	      0.06496551	      0.10000000	      0.12721240	      0.02000000	      0.18188733	      0.02000000	      0.08688001
      0.37000000	      1.57079307	      0.00000722	     -0.00000648	      0.00001544	      0.02000000	      0.17921194	      0.02000000	      0.07049616	      0.10000000	      0.06496552	      0.10000000	      0.12721240	      0.02000000	      0.18188716	      0.02000000	      0.08688001
      0.37599863	      1.57079302	      0.00000733	     -0.00001585	      0.00003793	      0.02000000	      0.17921195	      0.02000000	      0.07049616	      0.10000000	      0.06496552	      0.10000000	      0.12721240	      0.02000000	      0.18188734	      0.02000000	      0.08688001
      0.38000000	      1.57079297	      0.00000746	     -0.00000774	      0.00001842	      0.02000000	      0.17921195	      0.02000000	      0.07049617	      0.10000000	      0.06496552	      0.10000000	      0.12721240	      0.02000000	      0.18188714	      0.02000000	      0.08688001
      0.38599863	      1.57079291	      0.00000759	     -0.00001847	      0.00004409	      0.02000000	      0.17921195	      0.02000000	      0.07049617	      0.10000000	      0.06496552	      0.10000000	      0.12721239	      0.02000000	      0.18188734	      0.02000000	      0.08688002
      0.39000000	      1.57079285	      0.00000775	     -0.00000932	      0.00002200	      0.02000000	      0.17921195	      0.02000000	      0.07049617	      0.10000000	      0.06496552	      0.10000000	      0.12721239	      0.02000000	      0.18188712	      0.02000000	      0.08688002
      0.39528365	      1.57079278	      0.00000790	     -0.00001539	      0.00003639	      0.02000000	      0.17921196	      0.02000000	      0.07049617	      0.10000000	      0.06496553	      0.10000000	      0.12721239	      0.02000000	      0.18188727	      0.02000000	      0.08688002
      0.40000000	      1.57079272	      0.00000805	     -0.00000906	      0.00002101	      0.02000000	      0.17921196	      0.02000000	      0.07049618	      0.10000000	      0.06496553	      0.10000000	      0.12721239	      0.02000000	      0.18188717	      0.02000000	      0.08688002
      0.40528365	      1.57079267	      0.00000817	     -0.00001079	      0.00002508	      0.02000000	      0.17921196	      0.02000000	      0.07049618	      0.10000000	      0.06496553	      0.10000000	      0.12721239	      0.02000000	      0.18188725	      0.02000000	      0.08688002
      0.41000000	      1.57079262	      0.00000827	     -0.00000577	      0.00001303	      0.02000000	      0.17921196	      0.02000000	      0.07049618	      0.10000000	      0.06496554	      0.10000000	      0.12721239	      0.02000000	      0.18188719	      0.02000000	      0.08688002
      0.41606231	      1.57079259	      0.00000834	     -0.00000800	      0.00001857	      0.02000000	      0.17921196	      0.02000000	      0.07049618	      0.10000000	      0.06496554	      0.10000000	      0.12721239	      0.02000000	      0.18188728	      0.02000000	      0.08688002
      0.42000000	      1.57079257	      0.00000840	     -0.00000292	      0.00000652	      0.02000000	      0.17921196	      0.02000000	      0.07049619	      0.10000000	      0.06496554	      0.10000000	      0.12721239	      0.02000000	      0.18188718	      0.02000000	      0.08688002
      0.42606231	      1.57079255	      0.00000844	     -0.00000708	      0.00001689	      0.02000000	      0.17921196	      0.02000000	      0.07049619	      0.10000000	      0.06496554	      0.10000000	      0.12721238	      0.02000000	      0.18188728	      0.02000000	      0.08688002
      0.43000000	      1.57079253	      0.00000849	     -0.00000190	      0.00000467	      0.02000000	      0.17921196	      0.02000000	      0.07049619	      0.10000000	      0.06496554	      0.10000000	      0.12721238	      0.02000000	      0.18188717	      0.02000000	      0.08688002
      0.43606231	      1.57079252	      0.00000852	     -0.00000753	      0.00001852	      0.02000000	      0.17921197	      0.02000000	      0.07049619	      0.10000000	      0.06496554	      0.10000000	      0.12721238	      0.02000000	      0.18188729	      0.02000000	      0.08688002
      0.44000000	      1.57079249	      0.00000858	     -0.00000198	      0.00000540	      0.02000000	      0.17921196	      0.02000000	      0.07049619	      0.10000000	      0.06496554	      0.10000000	      0.12721238	      0.02000000	      0.18188716	      0.02000000	      0.08688002
      0.44606231	      1.57079248	      0.00000862	     -0.00000887	      0.00002211	      0.02000000	      0.17921197	      0.02000000	      0.07049619	      0.10000000	      0.06496555	      0.10000000	      0.12721238	      0.02000000	      0.18188729	      0.02000000	      0.08688002
      0.45000000	      1.57079245	      0.00000869	     -0.00000271	      0.00000747	      0.02000000	      0.17921196	      0.02000000	      0.07049619	      0.10000000	      0.06496555	      0.10000000	      0.12721238	      0.02000000	      0.18188715	      0.02000000	      0.08688002
      0.45606231	      1.57079243	      0.00000875	     -0.00001092	      0.00002719	      0.02000000	      0.17921197	      0.02000000	      0.07049619	      0.10000000	      0.06496555	      0.10000000	      0.12721238	      0.02000000	      0.18188730	      0.02000000	      0.08688002
      0.46000000	      1.57079239	      0.00000884	     -0.00000392	      0.00001045	      0.02000000	      0.17921197	      0.02000000	      0.07049619	      0.10000000	      0.06496555	      0.10000000	      0.12721238	      0.02000000	      0.18188713	      0.02000000	      0.08688002
      0.46606231	      1.57079236	      0.00000892	     -0.00001373	      0.00003387	      0.02000000	      0.17921197	      0.02000000	      0.07049620	      0.10000000	      0.06496555	      0.10000000	      0.12721238	      0.02000000	      0.18188731	      0.02000000	      0.08688002
      0.47000000	      1.57079232	      0.00000903	     -0.00000560	      0.00001436	      0.02000000	      0.17921197	      0.02000000	      0.07049620	      0.10000000	      0.06496555	      0.10000000	      0.12721238	      0.02000000	      0.18188711	      0.02000000	      0.08688002
      0.47541018	      1.57079227	      0.00000914	     -0.00001115	      0.00002740	      0.02000000	      0.17921198	      0.02000000	      0.07049620	      0.10000000	      0.06496555	      0.10000000	      0.12721238	      0.02000000	      0.18188725	      0.02000000	      0.08688002
      0.48000000	      1.57079223	      0.00000925	     -0.00000548	      0.00001371	      0.02000000	      0.17921197	      0.02000000	      0.07049620	      0.10000000	      0.06496555	      0.10000000	      0.12721238	      0.02000000	      0.18188715	      0.02000000	      0.08688002
      0.48541018	      1.57079220	      0.00000933	     -0.00000735	      0.00001804	      0.02000000	      0.17921198	      0.02000000	      0.07049620	      0.10000000	      0.06496556	      0.10000000	      0.12721237	      0.02000000	      0.18188723	      0.02000000	      0.08688002
      0.49000000	      1.57079217	      0.00000940	     -0.00000282	      0.00000718	      0.02000000	      0.17921198	      0.02000000	      0.07049620	      0.10000000	      0.06496556	      0.10000000	      0.12721237	      0.02000000	      0.18188717	      0.02000000	      0.08688002
      0.49606505	      1.57079216	      0.00000943	     -0.00000518	      0.00001299	      0.02000000	      0.17921198	      0.02000000	      0.07049621	      0.10000000	      0.06496556	      0.10000000	      0.12721237	      0.02000000	      0.18188725	      0.02000000	      0.08688002
      0.50000000	      1.57079214	      0.00000947	     -0.00000054	      0.00000200	      0.02000000	      0.17921198	      0.02000000	      0.07049621	      0.10000000	      0.06496556	      0.10000000	      0.12721237	      0.02000000	      0.18188716	      0.02000000	      0.08688002
      0.50606505	      1.57079214	      0.00000948	     -0.00000434	      0.00001133	      0.02000000	      0.17921198	      0.02000000	      0.07049621	      0.10000000	      0.06496556	      0.10000000	      0.12721237	      0.02000000	      0.18188725	      0.02000000	      0.08688002
      0.51000000	      1.57079213	      0.00000951	      0.00000030	      0.00000041	      0.02000000	      0.17921198	      0.02000000	      0.07049621	      0.10000000	      0.06496556	      0.10000000	      0.12721237	      0.02000000	      0.18188715	      0.02000000	      0.08688002
      0.51606505	      1.57079213	      0.00000952	     -0.00000447	      0.00001192	      0.02000000	      0.17921198	      0.02000000	      0.07049621	      0.10000000	      0.06496556	      0.10000000	      0.12721237	      0.02000000	      0.18188726	      0.02000000	      0.08688002
      0.52000000	      1.57079212	      0.00000955	      0.00000035	      0.00000063	      0.02000000	      0.17921198	      0.02000000	      0.07049621	      0.10000000	      0.06496556	      0.10000000	      0.12721237	      0.02000000	      0.18188715	      0.02000000	      0.08688002
      0.52606505	      1.57079212	      0.00000956	     -0.00000516	      0.00001362	      0.02000000	      0.17921199	      0.02000000	      0.07049621	      0.10000000	      0.06496556	      0.10000000	      0.12721237	      0.02000000	      0.18188727	      0.02000000	      0.08688002
      0.53000000	      1.57079210	      0.00000960	     -0.00000003	      0.00000164	      0.02000000	      0.17921197	      0.02000000	      0.07049621	      0.10000000	      0.06496556	      0.10000000	      0.12721237	      0.02000000	      0.18188714	      0.02000000	      0.08688002
      0.53606505	      1.57079210	      0.00000962	     -0.00000626	      0.00001598	      0.02000000	      0.17921199	      0.02000000	      0.07049621	      0.10000000	      0.06496557	      0.10000000	      0.12721237	      0.02000000	      0.18188727	      0.02000000	      0.08688002
      0.54000000	      1.57079208	      0.00000967	     -0.00000070	      0.00000306	      0.02000000	      0.17921197	      0.02000000	      0.07049621	      0.10000000	      0.06496557	      0.10000000	      0.12721237	      0.02000000	      0.18188713	      0.02000000	      0.08688002
      0.54606505	      1.57079207	      0.00000970	     -0.00000774	      0.00001893	      0.02000000	      0.17921199	      0.02000000	      0.07049621	      0.10000000	      0.06496557	      0.10000000	      0.12721237	      0.02000000	      0.18188728	      0.02000000	      0.08688002
      0.55000000	      1.57079205	      0.00000976	     -0.00000163	      0.00000481	      0.02000000	      0.17921197	      0.02000000	      0.07049621	      0.10000000	      0.06496557	      0.10000000	      0.12721237	      0.02000000	      0.18188711	      0.02000000	      0.08688002
      0.55606505	      1.57079203	      0.00000980	     -0.00000964	      0.00002254	      0.02000000	      0.17921200	      0.02000000	      0.07049621	      0.10000000	      0.06496557	      0.10000000	      0.12721237	      0.02000000	      0.18188729	      0.02000000	      0.08688002
      0.56000000	      1.57079200	      0.00000987	     -0.00000283	      0.00000695	      0.02000000	      0.17921197	      0.02000000	      0.07049621	      0.10000000	      0.06496557	      0.10000000	      0.12721237	      0.02000000	      0.18188710	      0.02000000	      0.08688002
      0.56606505	      1.57079198	      0.00000992	     -0.00001204	      0.00002698	      0.02000000	      0.17921200	      0.02000000	      0.07049622	      0.10000000	      0.06496557	      0.10000000	      0.12721237	      0.02000000	      0.18188730	      0.02000000	      0.08688002
      0.57000000	      1.57079194	      0.00001001	     -0.00000436	      0.00000956	      0.02000000	      0.17921196	      0.02000000	      0.07049622	      0.10000000	      0.06496557	      0.10000000	      0.12721237	      0.02000000	      0.18188707	      0.02000000	      0.08688002
      0.57606505	      1.57079191	      0.00001008	     -0.00001506	      0.00003249	      0.02000000	      0.17921201	      0.02000000	      0.07049622	      0.10000000	      0.06496557	      0.10000000	      0.12721237	      0.02000000	      0.18188732	      0.02000000	      0.08688002
      0.58000000	      1.57079186	      0.00001019	     -0.00000629	      0.00001279	      0.02000000	      0.17921196	      0.02000000	      0.07049622	      0.10000000	      0.06496557	      0.10000000	      0.12721237	      0.02000000	      0.18188704	      0.02000000	      0.08688002
      0.58543894	      1.57079181	      0.00001029	     -0.00001233	      0.00002519	      0.02000000	      0.17921200	      0.02000000	      0.07049622	      0.10000000	      0.06496558	      0.10000000	      0.12721236	      0.02000000	      0.18188723	      0.02000000	      0.08688002
      0.59000000	      1.57079176	      0.00001038	     -0.00000628	      0.00001151	      0.02000000	      0.17921197	      0.02000000	      0.07049622	      0.10000000	      0.06496558	      0.10000000	      0.12721236	      0.02000000	      0.18188710	      0.02000000	      0.08688002
      0.59543894	      1.57079172	      0.00001045	     -0.00000826	      0.00001509	      0.02000000	      0.17921200	      0.02000000	      0.07049623	      0.10000000	      0.06496558	      0.10000000	      0.12721236	      0.02000000	      0.18188721	      0.02000000	      0.08688002
      0.60000000	      1.57079169	      0.00001051	     -0.00000348	      0.00000449	      0.02000000	      0.17921198	      0.02000000	      0.07049623	      0.10000000	      0.06496558	      0.10000000	      0.12721236	      0.02000000	      0.18188713	      0.02000000	      0.08688002
      0.60619384	      1.57079167	      0.00001052	     -0.00000653	      0.00001047	      0.02000000	      0.17921201	      0.02000000	      0.07049623	      0.10000000	      0.06496558	      0.10000000	      0.12721236	      0.02000000	      0.18188726	      0.02000000	      0.08688002
      0.61000000	      1.57079166	      0.00001055	     -0.00000134	     -0.00000048	      0.02000000	      0.17921197	      0.02000000	      0.07049623	      0.10000000	      0.06496558	      0.10000000	      0.12721236	      0.02000000	      0.18188711	      0.02000000	      0.08688002
      0.61619384	      1.57079165	      0.00001054	     -0.00000633	      0.00000925	      0.02000000	      0.17921202	      0.02000000	      0.07049623	      0.10000000	      0.06496558	      0.10000000	      0.12721236	      0.02000000	      0.18188727	      0.02000000	      0.08688002
      0.62000000	      1.57079163	      0.00001056	     -0.00000089	     -0.00000173	      0.02000000	      0.17921196	      0.02000000	      0.07049623	      0.10000000	      0.06496558	      0.10000000	      0.12721236	      0.02000000	      0.18188709	      0.02000000	      0.08688002
      0.62619384	      1.57079162	      0.00001055	     -0.00000741	      0.00000999	      0.02000000	      0.17921204	      0.02000000	      0.07049623	      0.10000000	      0.06496558	      0.10000000	      0.12721236	      0.02000000	      0.18188730	      0.02000000	      0.08688002
      0.63000000	      1.57079160	      0.00001058	     -0.00000148	     -0.00000133	      0.02000000	      0.17921195	      0.02000000	      0.07049623	      0.10000000	      0.06496558	      0.10000000	      0.12721236	      0.02000000	      0.18188706	      0.02000000	      0.08688002
      0.63619384	      1.57079159	      0.00001057	     -0.00000934	      0.00001113	      0.02000000	      0.17921206	      0.02000000	      0.07049623	      0.10000000	      0.06496558	      0.10000000	      0.12721236	      0.02000000	      0.18188733	      0.02000000	      0.08688002
      0.64000000	      1.57079156	      0.00001060	     -0.00000275	     -0.00000053	      0.02000000	      0.17921192	      0.02000000	      0.07049623	      0.10000000	      0.06496558	      0.10000000	      0.12721236	      0.02000000	      0.18188702	      0.02000000	      0.08688002
      0.64619384	      1.57079154	      0.00001060	     -0.00001196	      0.00001156	      0.02000000	      0.17921209	      0.02000000	      0.07049623	      0.10000000	      0.06496558	      0.10000000	      0.12721236	      0.02000000	      0.18188738	      0.02000000	      0.08688002
      0.65000000	      1.57079151	      0.00001063	     -0.00000455	     -0.00000010	      0.02000000	      0.17921188	      0.02000000	      0.07049623	      0.10000000	      0.06496558	      0.10000000	      0.12721236	      0.02000000	      0.18188697	      0.02000000	      0.08688002
      0.65619384	      1.57079147	      0.00001063	     -0.00001518	      0.00001004	      0.02000000	      0.17921214	      0.02000000	      0.07049623	      0.10000000	      0.06496559	      0.10000000	      0.12721236	      0.02000000	      0.18188744	      0.02000000	      0.08688002
      0.66000000	      1.57079142	      0.00001066	     -0.00000687	     -0.00000076	      0.02000000	      0.17921183	      0.02000000	      0.07049623	      0.10000000	      0.06496559	      0.10000000	      0.12721236	      0.02000000	      0.18188689	      0.02000000	      0.08688002
      0.66619384	      1.57079137	      0.00001065	     -0.00001895	      0.00000469	      0.02000000	      0.17921221	      0.02000000	      0.07049623	      0.10000000	      0.06496559	      0.10000000	      0.12721236	      0.02000000	      0.18188754	      0.02000000	      0.08688002
      0.67000000	      1.57079131	      0.00001066	     -0.00000970	     -0.00000358	      0.02000000	      0.17921174	      0.02000000	      0.07049623	      0.10000000	      0.06496559	      0.10000000	      0.12721236	      0.02000000	      0.18188677	      0.02000000	      0.08688002
      0.67619384	      1.57079124	      0.00001063	     -0.00002314	     -0.00000784	      0.02000000	      0.17921233	      0.02000000	      0.07049623	      0.10000000	      0.06496559	      0.10000000	      0.12721236	      0.02000000	      0.18188769	      0.02000000	      0.08688002
      0.68000000	      1.57079117	      0.00001060	     -0.00001301	     -0.00001044	      0.02000000	      0.17921159	      0.02000000	      0.07049623	      0.10000000	      0.06496559	      0.10000000	      0.12721236	      0.02000000	      0.18188659	      0.02000000	      0.08688002
      0.68619384	      1.57079108	      0.00001052	     -0.00002750	     -0.00003407	      0.02000000	      0.17921254	      0.02000000	      0.07049623	      0.10000000	      0.06496558	      0.10000000	      0.12721236	      0.02000000	      0.18188795	      0.02000000	      0.08688002
      0.69000000	      1.57079098	      0.00001039	     -0.00001664	     -0.00002502	      0.02000000	      0.17921133	      0.02000000	      0.07049623	      0.10000000	      0.06496558	      0.10000000	      0.12721236	      0.02000000	      0.18188628	      0.02000000	      0.08688002
      0.69485253	      1.57079088	      0.00001022	     -0.00002354	     -0.00004441	      0.02000000	      0.17921204	      0.02000000	      0.07049623	      0.10000000	      0.06496558	      0.10000000	      0.12721236	      0.02000000	      0.18188725	      0.02000000	      0.08688002
      0.70000000	      1.57079077	      0.00000999	     -0.00001988	     -0.00003703	      0.02000000	      0.17921170	      0.02000000	      0.07049622	      0.10000000	      0.06496558	      0.10000000	      0.12721236	      0.02000000	      0.18188684	      0.02000000	      0.08688002
      0.70525955	      1.57079067	      0.00000975	     -0.00001697	     -0.00005414	      0.02000000	      0.17921203	      0.02000000	      0.07049622	      0.10000000	      0.06496557	      0.10000000	      0.12721236	      0.02000000	      0.18188723	      0.02000000	      0.08688002
      0.71000000	      1.57079060	      0.00000950	     -0.00001465	     -0.00004391	      0.02000000	      0.17921178	      0.02000000	      0.07049621	      0.10000000	      0.06496557	      0.10000000	      0.12721236	      0.02000000	      0.18188698	      0.02000000	      0.08688002
      0.71525955	      1.57079054	      0.00000923	     -0.00000941	     -0.00005794	      0.02000000	      0.17921200	      0.02000000	      0.07049621	      0.10000000	      0.06496556	      0.10000000	      0.12721236	      0.02000000	      0.18188720	      0.02000000	      0.08688002
      0.72000000	      1.57079050	      0.00000897	     -0.00000805	     -0.00004687	      0.02000000	      0.17921183	      0.02000000	      0.07049620	      0.10000000	      0.06496556	      0.10000000	      0.12721236	      0.02000000	      0.18188706	      0.02000000	      0.08688002
      0.72523994	      1.57079047	      0.00000869	     -0.00000248	     -0.00005766	      0.02000000	      0.17921197	      0.02000000	      0.07049620	      0.10000000	      0.06496555	      0.10000000	      0.12721236	      0.02000000	      0.18188719	      0.02000000	      0.08688002
      0.73000000	      1.57079047	      0.00000843	     -0.00000190	     -0.00004664	      0.02000000	      0.17921186	      0.02000000	      0.07049619	      0.10000000	      0.06496555	      0.10000000	      0.12721236	      0.02000000	      0.18188712	      0.02000000	      0.08688002
      0.73529550	      1.57079047	      0.00000816	      0.00000337	     -0.00005497	      0.02000000	      0.17921196	      0.02000000	      0.07049619	      0.10000000	      0.06496554	      0.10000000	      0.12721236	      0.02000000	      0.18188718	      0.02000000	      0.08688002
      0.74000000	      1.57079049	      0.00000791	      0.00000334	     -0.00004439	      0.02000000	      0.17921187	      0.02000000	      0.07049618	      0.10000000	      0.06496554	      0.10000000	      0.12721237	      0.02000000	      0.18188715	      0.02000000	      0.08688002
      0.74533896	      1.57079052	      0.00000766	      0.00000810	     -0.00005114	      0.02000000	      0.17921194	      0.02000000	      0.07049618	      0.10000000	      0.06496553	      0.10000000	      0.12721237	      0.02000000	      0.18188718	      0.02000000	      0.08688002
      0.75000000	      1.57079056	      0.00000743	      0.00000763	     -0.00004126	      0.02000000	      0.17921188	      0.02000000	      0.07049617	      0.10000000	      0.06496553	      0.10000000	      0.12721237	      0.02000000	      0.18188717	      0.02000000	      0.08688002
      0.75539079	      1.57079061	      0.00000720	      0.00001189	     -0.00004716	      0.02000000	      0.17921193	      0.02000000	      0.07049617	      0.10000000	      0.06496552	      0.10000000	      0.12721237	      0.02000000	      0.18188719	      0.02000000	      0.08688001
      0.76000000	      1.57079067	      0.00000699	      0.00001105	     -0.00003790	      0.02000000	      0.17921188	      0.02000000	      0.07049616	      0.10000000	      0.06496552	      0.10000000	      0.12721237	      0.02000000	      0.18188719	      0.02000000	      0.08688001
      0.76547766	      1.57079074	      0.00000677	      0.00001505	     -0.00004385	      0.02000000	      0.17921192	      0.02000000	      0.07049616	      0.10000000	      0.06496552	      0.10000000	      0.12721238	      0.02000000	      0.18188719	      0.02000000	      0.08688001
      0.77000000	      1.57079081	      0.00000658	      0.00001390	     -0.00003513	      0.02000000	      0.17921188	      0.02000000	      0.07049616	      0.10000000	      0.06496551	      0.10000000	      0.12721238	      0.02000000	      0.18188719	      0.02000000	      0.08688001
      0.77564232	      1.57079089	      0.00000638	      0.00001770	     -0.00004172	      0.02000000	      0.17921192	      0.02000000	      0.07049615	      0.10000000	      0.06496551	      0.10000000	      0.12721238	      0.02000000	      0.18188720	      0.02000000	      0.08688001
      0.78000000	      1.57079097	      0.00000620	      0.00001610	     -0.00003281	      0.02000000	      0.17921187	      0.02000000	      0.07049615	      0.10000000	      0.06496550	      0.10000000	      0.12721238	      0.02000000	      0.18188720	      0.02000000	      0.08688001
      0.78562754	      1.57079107	      0.00000601	      0.00001963	     -0.00003986	      0.02000000	      0.17921192	      0.02000000	      0.07049614	      0.10000000	      0.06496550	      0.10000000	      0.12721238	      0.02000000	      0.18188721	      0.02000000	      0.08688001
      0.79000000	      1.57079115	      0.00000584	      0.00001783	     -0.00003122	      0.02000000	      0.17921187	      0.02000000	      0.07049614	      0.10000000	      0.06496550	      0.10000000	      0.12721239	      0.02000000	      0.18188721	      0.02000000	      0.08688001
      0.79566999	      1.57079126	      0.00000566	      0.00002116	     -0.00003866	      0.02000000	      0.17921191	      0.02000000	      0.07049614	      0.10000000	      0.06496549	      0.10000000	      0.12721239	      0.02000000	      0.18188722	      0.02000000	      0.08688001
      0.80000000	      1.57079135	      0.00000550	      0.00001909	     -0.00002996	      0.02000000	      0.17921186	      0.02000000	      0.07049613	      0.10000000	      0.06496549	      0.10000000	      0.12721239	      0.02000000	      0.18188722	      0.02000000	      0.08688001
      0.80567131	      1.57079146	      0.00000532	      0.00002219	     -0.00003755	      0.02000000	      0.17921191	      0.02000000	      0.07049613	      0.10000000	      0.06496549	      0.10000000	      0.12721239	      0.02000000	      0.18188723	      0.02000000	      0.08688001
      0.81000000	      1.57079156	      0.00000516	      0.00001996	     -0.00002892	      0.02000000	      0.17921186	      0.02000000	      0.07049613	      0.10000000	      0.06496548	      0.10000000	      0.12721239	      0.02000000	      0.18188723	      0.02000000	      0.08688001
      0.81569078	      1.57079168	      0.00000499	      0.00002287	     -0.00003664	      0.02000000	      0.17921191	      0.02000000	      0.07049612	      0.10000000	      0.06496548	      0.10000000	      0.12721240	      0.02000000	      0.18188724	      0.02000000	      0.08688001
      0.82000000	      1.57079177	      0.00000484	      0.00002047	     -0.00002798	      0.02000000	      0.17921185	      0.02000000	      0.07049612	      0.10000000	      0.06496548	      0.10000000	      0.12721240	      0.02000000	      0.18188724	      0.02000000	      0.08688001
      0.82569627	      1.57079189	      0.00000467	      0.00002322	     -0.00003575	      0.02000000	      0.17921190	      0.02000000	      0.07049612	      0.10000000	      0.06496547	      0.10000000	      0.12721240	      0.02000000	      0.18188725	      0.02000000	      0.08688001
      0.83000000	      1.57079199	      0.00000453	      0.00002071	     -0.00002711	      0.02000000	      0.17921185	      0.02000000	      0.07049612	      0.10000000	      0.06496547	      0.10000000	      0.12721240	      0.02000000	      0.18188725	      0.02000000	      0.08688001
      0.83570659	      1.57079211	      0.00000436	      0.00002333	     -0.00003494	      0.02000000	      0.17921190	      0.02000000	      0.07049611	      0.10000000	      0.06496547	      0.10000000	      0.12721241	      0.02000000	      0.18188725	      0.02000000	      0.08688001
      0.84000000	      1.57079221	      0.00000422	      0.00002072	     -0.00002630	      0.02000000	      0.17921185	      0.02000000	      0.07049611	      0.10000000	      0.06496547	      0.10000000	      0.12721241	      0.02000000	      0.18188726	      0.02000000	      0.08688001
      0.84571198	      1.57079233	      0.00000406	      0.00002323	     -0.00003415	      0.02000000	      0.17921190	      0.02000000	      0.07049611	      0.10000000	      0.06496546	      0.10000000	      0.12721241	      0.02000000	      0.18188726	      0.02000000	      0.08688001
      0.85000000	      1.57079243	      0.00000392	      0.00002054	     -0.00002552	      0.02000000	      0.17921184	      0.02000000	      0.07049610	      0.10000000	      0.06496546	      0.10000000	      0.12721241	      0.02000000	      0.18188727	      0.02000000	      0.08688001
      0.85571818	      1.57079255	      0.00000376	      0.00002298	     -0.00003341	      0.02000000	      0.17921189	      0.02000000	      0.07049610	      0.10000000	      0.06496546	      0.10000000	      0.12721241	      0.02000000	      0.18188727	      0.02000000	      0.08688001
      0.86000000	      1.57079265	      0.00000363	      0.00002023	     -0.00002478	      0.02000000	      0.17921184	      0.02000000	      0.07049610	      0.10000000	      0.06496545	      0.10000000	      0.12721241	      0.02000000	      0.18188728	      0.02000000	      0.08688001
      0.86572243	      1.57079277	      0.00000348	      0.00002260	     -0.00003269	      0.02000000	      0.17921189	      0.02000000	      0.07049609	      0.10000000	      0.06496545	      0.10000000	      0.12721242	      0.02000000	      0.18188728	      0.02000000	      0.08688001
      0.87000000	      1.57079286	      0.00000335	      0.00001981	     -0.00002407	      0.02000000	      0.17921184	      0.02000000	      0.07049609	      0.10000000	      0.06496545	      0.10000000	      0.12721242	      0.02000000	      0.18188728	      0.02000000	      0.08688000
      0.87572648	      1.57079298	      0.00000320	      0.00002213	     -0.00003200	      0.02000000	      0.17921189	      0.02000000	      0.07049609	      0.10000000	      0.06496545	      0.10000000	      0.12721242	      0.02000000	      0.18188729	      0.02000000	      0.08688000
      0.88000000	      1.57079307	      0.00000307	      0.00001931	     -0.00002338	      0.02000000	      0.17921183	      0.02000000	      0.07049609	      0.10000000	      0.06496544	      0.10000000	      0.12721242	      0.02000000	      0.18188729	      0.02000000	      0.08688000
      0.88572963	      1.57079318	      0.00000293	      0.00002160	     -0.00003134	      0.02000000	      0.17921188	      0.02000000	      0.07049608	      0.10000000	      0.06496544	      0.10000000	      0.12721242	      0.02000000	      0.18188730	      0.02000000	      0.08688000
      0.89000000	      1.57079327	      0.00000280	      0.00001875	     -0.00002273	      0.02000000	      0.17921183	      0.02000000	      0.07049608	      0.10000000	      0.06496544	      0.10000000	      0.12721243	      0.02000000	      0.18188730	      0.02000000	      0.08688000
      0.89573246	      1.57079338	      0.00000266	      0.00002101	     -0.00003070	      0.02000000	      0.17921188	      0.02000000	      0.07049608	      0.10000000	      0.06496544	      0.10000000	      0.12721243	      0.02000000	      0.18188731	      0.02000000	      0.08688000
      0.90000000	      1.57079347	      0.00000254	      0.00001815	     -0.00002209	      0.02000000	      0.17921183	      0.02000000	      0.07049608	      0.10000000	      0.06496543	      0.10000000	      0.12721243	      0.02000000	      0.18188731	      0.02000000	      0.08688000
      0.90573482	      1.57079357	      0.00000240	      0.00002040	     -0.00003009	      0.02000000	      0.17921188	      0.02000000	      0.07049607	      0.10000000	      0.06496543	      0.10000000	      0.12721243	      0.02000000	      0.18188732	      0.02000000	      0.08688000
      0.91000000	      1.57079366	      0.00000228	      0.00001752	     -0.00002148	      0.02000000	      0.17921183	      0.02000000	      0.07049607	      0.10000000	      0.06496543	      0.10000000	      0.12721243	      0.02000000	      0.18188732	      0.02000000	      0.08688000
      0.91573692	      1.57079376	      0.00000215	      0.00001976	     -0.00002949	      0.02000000	      0.17921188	      0.02000000	      0.07049607	      0.10000000	      0.06496543	      0.10000000	      0.12721243	      0.02000000	      0.18188732	      0.02000000	      0.08688000
      0.92000000	      1.57079384	      0.00000203	      0.00001688	     -0.00002089	      0.02000000	      0.17921182	      0.02000000	      0.07049607	      0.10000000	      0.06496542	      0.10000000	      0.12721244	      0.02000000	      0.18188733	      0.02000000	      0.08688000
      0.92573877	      1.57079394	      0.00000190	      0.00001912	     -0.00002891	      0.02000000	      0.17921187	      0.02000000	      0.07049606	      0.10000000	      0.06496542	      0.10000000	      0.12721244	      0.02000000	      0.18188733	      0.02000000	      0.08688000
      0.93000000	      1.57079402	      0.00000179	      0.00001624	     -0.00002031	      0.02000000	      0.17921182	      0.02000000	      0.07049606	      0.10000000	      0.06496542	      0.10000000	      0.12721244	      0.02000000	      0.18188733	      0.02000000	      0.08688000
      0.93574046	      1.57079411	      0.00000166	      0.00001848	     -0.00002834	      0.02000000	      0.17921187	      0.02000000	      0.07049606	      0.10000000	      0.06496542	      0.10000000	      0.12721244	      0.02000000	      0.18188734	      0.02000000	      0.08688000
      0.94000000	      1.57079419	      0.00000155	      0.00001559	     -0.00001975	      0.02000000	      0.17921182	      0.02000000	      0.07049606	      0.10000000	      0.06496541	      0.10000000	      0.12721244	      0.02000000	      0.18188734	      0.02000000	      0.08688000
      0.94574202	      1.57079428	      0.00000142	      0.00001784	     -0.00002780	      0.02000000	      0.17921187	      0.02000000	      0.07049605	      0.10000000	      0.06496541	      0.10000000	      0.12721244	      0.02000000	      0.18188735	      0.02000000	      0.08688000
      0.95000000	      1.57079435	      0.00000132	      0.00001496	     -0.00001921	      0.02000000	      0.17921182	      0.02000000	      0.07049605	      0.10000000	      0.06496541	      0.10000000	      0.12721245	      0.02000000	      0.18188735	      0.02000000	      0.08688000
      0.95574349	      1.57079444	      0.00000119	      0.00001721	     -0.00002726	      0.02000000	      0.17921186	      0.02000000	      0.07049605	      0.10000000	      0.06496541	      0.10000000	      0.12721245	      0.02000000	      0.18188735	      0.02000000	      0.08688000
      0.96000000	      1.57079451	      0.00000109	      0.00001433	     -0.00001868	      0.02000000	      0.17921181	      0.02000000	      0.07049605	      0.10000000	      0.06496540	      0.10000000	      0.12721245	      0.02000000	      0.18188736	      0.02000000	      0.08688000
      0.96574489	      1.57079460	      0.00000097	      0.00001659	     -0.00002674	      0.02000000	      0.17921186	      0.02000000	      0.07049605	      0.10000000	      0.06496540	      0.10000000	      0.12721245	      0.02000000	      0.18188736	      0.02000000	      0.08688000
      0.97000000	      1.57079466	      0.00000087	      0.00001372	     -0.00001816	      0.02000000	      0.17921181	      0.02000000	      0.07049604	      0.10000000	      0.06496540	      0.10000000	      0.12721245	      0.02000000	      0.18188736	      0.02000000	      0.08688000
      0.97574626	      1.57079475	      0.00000075	      0.00001599	     -0.00002623	      0.02000000	      0.17921186	      0.02000000	      0.07049604	      0.10000000	      0.06496540	      0.10000000	      0.12721245	      0.02000000	      0.18188737	      0.02000000	      0.08688000
      0.98000000	      1.57079481	      0.00000065	      0.00001313	     -0.00001766	      0.02000000	      0.17921181	      0.02000000	      0.07049604	      0.10000000	      0.06496540	      0.10000000	      0.12721245	      0.02000000	      0.18188737	      0.02000000	      0.08688000
      0.98574761	      1.57079489	      0.00000054	      0.00001541	     -0.00002574	      0.02000000	      0.17921186	      0.02000000	      0.07049604	      0.10000000	      0.06496539	      0.10000000	      0.12721246	      0.02000000	      0.18188737	      0.02000000	      0.08688000
      0.99000000	      1.57079495	      0.00000044	      0.00001255	     -0.00001717	      0.02000000	      0.17921181	      0.02000000	      0.07049604	      0.10000000	      0.06496539	      0.10000000	      0.12721246	      0.02000000	      0.18188737	      0.02000000	      0.08688000
